0.52302 0.1059184 0.6222847 0.2074471 0.1491272
0.3915251 0.187345 1.528673 0.08257826 0.16509
0.1952727 0.1372393 0.3022243 0.1300082 0.2151955
0.3499776 0.5105424 0.3570323 0.4387338 0.8148059
0.1937079 0.01674196 0.02524328 0.9200813 0.2011251
0.1597612 1.147119 0.2406442 0.2897048 0.0005669915
0.07316596 0.2500478 0.4618472 0.3864672 0.01618098
0.08555109 0.5052584 1.05778 0.01500662 0.2314956
0.245622 0.03768075 0.3375385 0.09176066 0.7486258
0.346081 0.1735422 0.543168 0.1359537 0.001500544
0.6348446 2.110428 1.307058 0.0379675 0.4298525
0.3313315 0.2308305 1.052238 0.1053717 0.1088952
0.3239763 0.123057 0.001878072 0.1518447 0.144393
0.6285684 0.09737818 0.02798619 0.3448101 0.09193915
0.2194674 0.1393168 0.3624495 0.4709725 0.4151537
0.1752962 0.1401176 1.219398 0.7031327 0.3468868
0.5918383 0.08118219 0.4281739 0.07595593 0.6544894
0.7807787 0.0413254 0.1551453 0.002549874 0.08837733
0.8613919 1.120501 0.2141082 0.2195495 0.1031553
0.4829723 0.3534623 0.1542477 0.05581665 0.09607149
0.2720493 0.03659724 0.2337288 0.8632286 0.2184785
0.01687034 0.1118318 0.4420861 0.2283933 0.1582036
0.3620149 0.008150895 0.06429897 0.4514731 0.7699314
0.01869925 0.12788 0.6127285 0.09903396 0.3188183
0.4191812 0.5220476 0.1665478 0.08101171 0.02464099
0.3592652 0.0220404 0.02586287 0.1431453 0.4387697
0.5361998 0.3513594 0.08443657 0.9733277 0.1788323
0.4927317 0.3308692 0.08071753 0.2390254 0.0899172
0.3167414 0.3166515 0.2190229 0.2536476 0.70595
0.1263049 0.1120337 0.06970595 0.6673862 0.1949192
0.4692044 0.123405 0.1561554 0.3802413 0.4208702
0.04512493 0.8672919 0.6455223 0.05871093 0.1676694
0.08590306 1.006598 0.05861862 0.04608093 0.1142722
0.178763 0.01483218 0.2187167 0.01806413 0.001169883
0.4576802 0.3807801 0.757073 0.1854542 0.5121975
0.01035077 0.06482699 0.003895349 0.4125152 0.2337661
0.7834922 0.00491617 0.2134477 0.06559695 0.3602772
0.5760055 0.1094024 0.1672548 0.1177125 0.09867563
0.7504638 0.3536955 0.141483 0.1496604 0.2588402
0.2374024 0.5195964 0.4611759 0.1780914 1.690747
