1.262954 -0.3262334 1.329799 1.272429 0.4146414
-1.53995 -0.928567 -0.2947204 -0.005767173 2.404653
0.7635935 -0.7990092 -1.147657 -0.2894616 -0.2992151
-0.4115108 0.2522234 -0.8919211 0.4356833 -1.237538
-0.2242679 0.3773956 0.1333364 0.8041895 -0.05710677
0.503608 1.085769 -0.6909538 -1.284599 0.04672617
-0.2357066 -0.5428883 -0.4333103 -0.6494716 0.7267507
1.151912 0.9921604 -0.4295131 1.238304 -0.2793463
1.757903 0.5607461 -0.452784 -0.8320433 -1.166571
-1.065591 -1.563782 1.156537 0.8320471 -0.2273287
0.2661374 -0.3767027 2.441365 -0.7953391 -0.05487747
0.2501413 0.6182433 -0.1726235 -2.2239 -1.263614
0.3587289 -0.01104548 -0.9406492 -0.1158253 -0.8149687
0.2422635 -1.425098 0.3659411 0.2484126 0.06528818
0.01915639 0.2573384 -0.6490101 -0.1191688 0.6641357
1.100969 0.1437715 -0.1177536 -0.9120684 -1.437586
-0.7970895 1.254083 0.7721422 -0.2195156 -0.4248103
-0.4189801 0.9969869 -0.275778 1.256019 0.6466744
1.299312 -0.8732621 0.00837096 -0.8808717 0.596259
0.1197176 -0.2821739 1.455988 0.2290196 0.9965439
0.7818592 -0.7767766 -0.6159899 0.0465803 -1.130386
0.5767188 -1.280749 1.625447 -0.5006966 1.678297
-0.4125199 -0.9722868 0.02538287 0.02747534 -1.680183
1.053751 -1.119599 0.3356172 0.4947958 0.1380527
-0.118792 0.1976843 -1.068693 -0.8032132 -1.113765
1.580092 1.497819 0.2626455 -1.232901 -0.003723534
1.511672 -0.4756983 0.7979164 -0.9740026 0.6893727
-0.9558391 -1.231707 -0.9568919 -0.8697829 -0.9106807
0.7412763 0.06851153 -0.3237508 -1.086503 -1.015929
-0.7677902 -1.11972 -0.4481742 0.4717364 -1.180491
1.470257 -1.311421 -0.09652492 2.36972 0.8906265
-0.2521832 -0.8657638 0.582586 -0.01252935 -0.3748548
0.3178857 -0.4888056 2.658658 1.680278 0.779584
0.7132405 -0.5428819 0.8857784 -0.3485947 -1.008055
1.883183 -0.9289711 -0.2941965 -0.6149503 -0.9470758
0.5989751 -1.523615 -0.206189 -0.5742954 -1.390166
-0.07041738 -0.4308795 -0.5922254 0.9811162 0.5324094
-0.09045612 0.1564905 -0.7373117 -0.2013412 1.102177
-0.01674826 0.1617886 2.024761 -0.7036943 0.9607924
1.790485 -1.064165 0.01763655 -0.3899086 -0.4908328
